22.10697102546692
20.01793670654297
28.892525911331177
81.97103261947632
40.20812153816223
109.9674243927002
33.043418407440186
26.342769384384155
23.887682676315308
35.436360120773315
22.66958713531494
34.93447756767273
167.8418300151825
34.879788875579834
28.556382656097412
78.93040466308594
33.864349603652954
16.571253776550293
33.03464412689209
32.303743839263916
28.625943422317505
22.733473539352417
27.623466968536377
29.292375326156616
29.059535264968872
32.8585250377655
35.64154124259949
24.252588510513306
35.93742108345032
35.55440330505371
59.39523696899414
25.94084858894348
16.44429326057434
105.31022071838379
23.386956214904785
27.79576563835144
41.75558352470398
19.550848484039307
22.566627979278564
22.858700275421143
23.5409255027771
43.27595520019531
23.249033212661743
21.739983320236206
24.632423162460327
24.450891256332397
28.029096126556396
31.63901686668396
27.068633317947388
34.078556060791016
91.87804841995239
85.87201619148254
40.94181704521179
29.65717053413391
71.73964262008667
37.69056987762451
28.528992891311646
25.32431983947754
26.576038360595703
33.78430914878845
27.330184936523438
31.73668599128723
24.1006498336792
20.031842708587646
31.679932832717896
12.110066652297974
21.404555559158325
