83.34843611717224
73.05817914009094
98.92405271530151
367.7612679004669
340.3481698036194
637.9550528526306
306.75079464912415
85.52058720588684
86.08213210105896
340.20114040374756
84.41352486610413
321.6993246078491
776.3035514354706
309.0769753456116
99.20117402076721
522.7189123630524
143.10173225402832
42.492186069488525
286.46988797187805
370.48644256591797
86.14139175415039
84.00482988357544
219.1762135028839
86.31132626533508
98.95727562904358
147.71768879890442
311.52665185928345
84.45713472366333
277.16613960266113
318.2683424949646
355.14917635917664
216.42753720283508
38.3132164478302
421.29201436042786
91.44998788833618
87.95768690109253
383.2697083950043
59.339319467544556
84.5367078781128
84.28288269042969
83.91609978675842
364.2742557525635
83.94959354400635
35.43414902687073
85.73450231552124
86.42801642417908
87.75793051719666
87.28210186958313
87.98543953895569
406.05796790122986
859.4867851734161
713.1402492523193
117.6735348701477
85.78743505477905
477.6112151145935
337.01760482788086
86.16786456108093
84.1979386806488
84.07645297050476
86.49052357673645
87.78094172477722
84.66288876533508
83.88712453842163
67.56669807434082
84.13121676445007
15.012542009353638
82.15100002288818
