83.19155359268188
72.48927760124207
234.0772500038147
535.0357866287231
474.6644940376282
1330.3359124660492
286.9075348377228
224.97107768058777
225.32760047912598
251.5353066921234
198.112637758255
238.69301462173462
1024.2610149383545
246.16586351394653
200.78211903572083
543.7632358074188
246.41695880889893
70.46056413650513
276.96081614494324
272.48127794265747
234.42584133148193
216.13841605186462
217.75463676452637
293.66805052757263
226.04676699638367
302.3890564441681
312.08183884620667
200.1319501399994
250.4193992614746
302.7667725086212
540.1431801319122
216.0275309085846
67.42525148391724
493.43097472190857
91.26653099060059
237.43783974647522
388.26767444610596
72.09543585777283
198.0227496623993
190.09232640266418
83.9800751209259
577.9263792037964
234.32296872138977
66.7384581565857
236.7904291152954
215.707133769989
87.27244114875793
220.07156610488892
236.42596554756165
407.1862144470215
620.8943405151367
909.8787112236023
249.03687000274658
236.59009957313538
613.2561922073364
332.6097228527069
307.9091467857361
259.5457718372345
216.95869326591492
240.72711753845215
223.78036546707153
84.79783749580383
83.71393156051636
72.49364876747131
84.58649253845215
14.80538821220398
193.0798077583313
