216.2552695274353
234.65066933631897
231.0048224925995
663.4982125759125
432.79011487960815
988.581273317337
289.3712339401245
227.55511569976807
224.78079915046692
484.8414931297302
179.31193804740906
475.7488784790039
1716.0050222873688
446.3525745868683
204.58995962142944
855.6531248092651
425.4108142852783
69.90480971336365
273.26581287384033
267.675048828125
257.8893053531647
196.3052237033844
223.3134524822235
223.67389059066772
223.62903833389282
307.06400632858276
447.94588804244995
202.4045376777649
257.9051375389099
426.9372065067291
486.2391359806061
226.07911372184753
66.96138668060303
498.29160618782043
215.18381524085999
230.26119661331177
478.69806814193726
237.26758456230164
208.6892328262329
210.91320538520813
214.6539261341095
489.35176038742065
205.16742086410522
150.19068956375122
263.97739720344543
236.6629922389984
220.62815856933594
221.24902367591858
232.70017266273499
390.66031527519226
1116.3576114177704
913.1647579669952
250.38848519325256
216.64117002487183
910.1193382740021
