44.429490089416504
27.857698440551758
54.476773262023926
421.73941707611084
119.57942843437195
486.19381189346313
59.85308361053467
45.22377943992615
45.429328203201294
83.95730471611023
44.36883616447449
68.83610963821411
680.6201078891754
148.29828357696533
82.85143899917603
413.53597831726074
93.8471508026123
27.139474153518677
127.97657442092896
100.59636163711548
45.711328744888306
44.55873775482178
49.517220973968506
48.94161653518677
96.03326988220215
96.94360041618347
115.96141600608826
44.64458346366882
54.41521906852722
115.92713904380798
135.39724564552307
49.44713354110718
32.30937218666077
415.1991684436798
51.18346047401428
50.27748513221741
121.68078994750977
47.972309827804565
44.81174397468567
44.67529892921448
45.168585538864136
345.68089532852173
45.176027059555054
32.234172344207764
46.2652702331543
45.77251696586609
50.45927715301514
61.66775465011597
50.14979910850525
119.68710780143738
503.28728127479553
494.6143865585327
75.36028337478638
48.53416705131531
203.55300521850586
117.6202461719513
48.59229898452759
45.349995136260986
44.58536505699158
50.51815366744995
49.989500999450684
45.21891736984253
45.35492563247681
58.06546974182129
45.08984851837158
9.014448881149292
43.728079319000244
