44.55750799179077
72.98389792442322
98.42178964614868
366.6488001346588
119.94109964370728
640.5667192935944
298.1467881202698
102.02466821670532
98.67252397537231
104.93680620193481
94.19271922111511
320.81873416900635
763.86017370224
301.98929738998413
98.18493032455444
411.12478375434875
141.81265902519226
42.2542998790741
290.45215678215027
103.31315970420837
116.46501731872559
44.68583416938782
87.47433757781982
86.0250952243805
98.66682481765747
147.05763983726501
132.65626740455627
99.15945386886597
98.90266156196594
106.48540878295898
355.6721303462982
87.56461238861084
38.39534950256348
419.57479786872864
51.51224708557129
87.46241307258606
334.0089199542999
59.092673778533936
97.50077748298645
78.2287700176239
96.2713828086853
363.9369041919708
58.4268274307251
35.26271319389343
120.67085266113281
96.88612270355225
87.32295680046082
87.15270066261292
87.6324200630188
104.02583336830139
522.9460718631744
486.99835872650146
89.64775848388672
85.51670050621033
481.4832224845886
472.2944791316986
85.57025098800659
71.55303192138672
44.546897649765015
86.02673101425171
87.28379726409912
106.24437117576599
45.65620017051697
66.78981804847717
105.76618719100952
13.206997871398926
43.73119878768921
