83.06298542022705
72.46032357215881
98.77961921691895
701.2238869667053
338.6688516139984
622.230087518692
235.8966829776764
225.6885323524475
221.07596898078918
252.03898239135742
199.14849662780762
249.92338609695435
1009.6758632659912
239.55858707427979
288.82465624809265
532.982284784317
250.84744930267334
42.304423570632935
245.45329546928406
277.4537444114685
234.2839503288269
83.70752453804016
218.3241856098175
85.69749140739441
315.7202236652374
304.2323944568634
308.81506419181824
84.08092188835144
279.0965712070465
298.7779722213745
351.5975522994995
215.8287398815155
71.71097469329834
649.9043271541595
90.69799184799194
87.62059664726257
395.5973560810089
71.96983361244202
84.05534934997559
189.57891035079956
83.68211793899536
358.69409561157227
83.06771445274353
71.72392988204956
227.80558848381042
216.53937888145447
86.63973331451416
264.66270756721497
87.71615433692932
293.54495668411255
634.3406407833099
705.211669921875
118.08460521697998
85.32943773269653
618.481169462204
338.07014083862305
86.02705955505371
83.76836323738098
83.91589784622192
85.94985771179199
255.68564748764038
84.11115264892578
83.75886225700378
71.73749685287476
83.82890248298645
14.567891359329224
82.13713145256042
