0.027013778686523438
276.45920872688293
219.5400710105896
291.0771424770355
763.2989587783813
725.0676891803741
1401.7801253795624
579.4396686553955
275.35946464538574
276.00569677352905
643.5076496601105
274.24366331100464
618.5956556797028
1610.7869260311127
572.2281129360199
288.4872055053711
1293.0539953708649
366.0901710987091
144.94438242912292
540.1011869907379
688.8075275421143
275.447557926178
274.48834252357483
456.851806640625
276.82425117492676
289.52112793922424
373.93511962890625
678.1499993801117
273.90378165245056
550.4929490089417
697.7500853538513
734.5377554893494
451.39170813560486
133.14067459106445
796.8596549034119
291.63289427757263
277.55731225013733
929.1816320419312
201.7020182609558
274.53156781196594
306.8526306152344
274.6117067337036
747.9449641704559
274.54310035705566
129.8093318939209
276.2043251991272
275.78281354904175
279.70361948013306
277.78251791000366
278.38277411460876
747.286102771759
1490.8239595890045
1473.4857318401337
340.60899209976196
275.7344331741333
893.042890548706
735.546156167984
276.01416850090027
275.15811371803284
273.22132301330566
275.5209984779358
277.24976086616516
274.66674041748047
275.3630063533783
204.67183709144592
274.98959374427795
62.233301639556885
271.0427978038788
