32.55951237678528
26.41311001777649
31.224754095077515
49.841997146606445
44.23781991004944
93.00593686103821
34.66626572608948
36.490264892578125
39.04908990859985
38.08706450462341
32.98165583610535
37.31829762458801
122.46091437339783
37.343345642089844
30.204896211624146
73.35668730735779
36.92806839942932
22.700916290283203
43.3938729763031
34.36087083816528
38.043046712875366
32.84700393676758
25.817715644836426
25.353548049926758
30.30181884765625
38.291091442108154
38.70369362831116
31.3141131401062
29.813247680664062
38.593005895614624
43.37624549865723
26.595853567123413
21.45682716369629
53.75048875808716
36.65179252624512
28.46650218963623
74.2269058227539
28.53864073753357
39.3168580532074
30.848681211471558
36.68844413757324
44.43054986000061
35.37916874885559
20.410788774490356
39.136083364486694
36.250892877578735
26.32972812652588
27.390995979309082
27.763437509536743
37.199212312698364
91.91236901283264
81.31669521331787
28.021642208099365
25.454512119293213
66.04777145385742
59.990893602371216
25.966246843338013
34.82325553894043
36.865894079208374
25.68095350265503
27.677952766418457
32.718626976013184
32.6746551990509
29.86441946029663
32.6894965171814
20.85573434829712
28.204152584075928
