191.42319917678833
155.76961040496826
205.71689772605896
595.5447709560394
556.8826169967651
1049.6310765743256
453.3672225475311
192.69050216674805
193.4693465232849
508.84680581092834
191.10419988632202
483.3855917453766
1243.9787819385529
458.7819154262543
204.01245784759521
970.4518327713013
266.82734870910645
99.63646125793457
428.3951334953308
530.8150284290314
193.16836714744568
190.58747625350952
352.80433988571167
193.52921104431152
205.1896653175354
274.50463700294495
529.0730402469635
191.4129617214203
437.89940452575684
529.9000270366669
564.5895376205444
348.77652502059937
91.59919214248657
640.6767361164093
202.51250958442688
194.04576778411865
633.1763825416565
129.8263876438141
190.94966554641724
190.88107562065125
189.83937430381775
585.6702346801758
191.20836734771729
88.34257197380066
192.38707852363586
192.72869229316711
194.92506790161133
194.13018918037415
193.6105546951294
601.1325988769531
1222.2334706783295
1122.1990036964417
242.3351981639862
192.80274772644043
698.0894298553467
557.9509763717651
192.92060685157776
190.9832181930542
191.0652379989624
192.69514060020447
194.10504961013794
191.03218007087708
191.12698435783386
144.83332300186157
190.80512070655823
41.37337112426758
187.98895597457886
